4294967293,131
4294967293,130
4294967293,129
4294967293,128
4294967293,127
4294967293,126
4294967293,125
4294967293,124
4294967293,123
4294967293,122
4294967293,121
4294967293,120
4294967293,119
4294967293,118
4294967293,117
4294967293,116
4294967293,115
4294967293,114
4294967293,113
4294967293,112
4294967293,111
4294967293,110
4294967293,109
4294967293,108
4294967293,107
4294967293,106
4294967293,105
4294967293,104
4294967293,103
4294967293,102
4294967293,101
4294967293,100
4294967293,99
4294967293,98
4294967293,97
4294967293,96
4294967293,95
4294967293,94
4294967293,93
4294967293,92
4294967293,91
4294967293,90
4294967293,89
4294967293,87
4294967293,86
4294967293,85
4294967293,84
4294967293,83
4294967293,82
4294967293,81
4294967293,80
4294967293,79
4294967293,78
4294967293,77
4294967293,76
4294967293,75
4294967293,74
4294967293,73
4294967293,72
4294967293,71
4294967293,70
4294967293,69
4294967293,68
4294967293,67
4294967293,66
4294967293,65
4294967293,64
4294967293,63
4294967293,62
4294967293,61
4294967293,60
4294967293,59
4294967293,58
4294967293,57
4294967293,56
4294967293,55
4294967293,54
4294967293,53
4294967293,52
4294967293,51
4294967293,50
4294967293,49
4294967293,48
4294967293,47
4294967293,46
4294967293,45
4294967293,44
4294967293,43
4294967293,42
4294967293,41
4294967293,40
4294967293,39
4294967293,38
4294967293,37
4294967293,36
4294967293,35
4294967293,34
4294967293,33
4294967293,32
4294967293,31
4294967293,30
4294967293,29
4294967293,28
4294967293,27
4294967293,26
4294967293,25
4294967293,24
4294967293,23
4294967293,22
4294967293,21
4294967293,20
4294967293,19
4294967293,18
4294967293,17
4294967293,16
4294967293,15
4294967293,14
4294967293,13
4294967293,12
4294967293,11
4294967293,10
4294967293,9
4294967293,8
4294967293,7
4294967293,6
4294967293,5
4294967293,4
4294967293,3
4294967278,252
4294967278,131
4294967278,344
4294967278,129
4294967278,128
4294967278,174
4294967278,249
4294967278,127
4294967278,361
4294967278,126
4294967278,125
4294967278,124
4294967278,323
4294967278,123
4294967278,122
4294967278,359
4294967278,121
4294967278,119
4294967278,322
4294967278,118
4294967278,117
4294967278,358
4294967278,116
4294967278,115
4294967278,114
4294967278,342
4294967278,321
4294967278,112
4294967278,234
4294967278,111
4294967278,110
4294967278,109
4294967278,108
4294967278,107
4294967278,224
4294967278,106
4294967278,105
4294967278,104
4294967278,103
4294967278,102
4294967278,214
4294967278,101
4294967278,100
4294967278,320
4294967278,99
4294967278,319
4294967278,98
4294967278,318
4294967278,97
4294967278,317
4294967278,96
4294967278,316
4294967278,95
4294967278,315
4294967278,94
4294967278,314
4294967278,93
4294967278,313
4294967278,92
4294967278,368
4294967278,91
4294967278,312
4294967278,90
4294967278,311
4294967278,89
4294967278,87
4294967278,310
4294967278,86
4294967278,357
4294967278,85
4294967278,356
4294967278,84
4294967278,355
4294967278,83
4294967278,309
4294967278,341
4294967278,308
4294967278,80
4294967278,306
4294967278,77
4294967278,340
4294967278,75
4294967278,339
4294967278,70
4294967278,69
4294967278,338
4294967278,68
4294967278,337
4294967278,67
4294967278,336
4294967278,66
4294967278,352
4294967278,65
4294967278,335
4294967278,61
4294967278,351
4294967278,60
4294967278,350
4294967278,58
4294967278,334
4294967278,55
4294967278,50
4294967278,333
4294967278,45
4294967278,43
4294967278,349
4294967278,332
4294967278,40
4294967278,35
4294967278,34
4294967278,32
4294967278,31
4294967278,348
4294967278,30
4294967278,331
4294967278,29
4294967278,28
4294967278,27
4294967278,26
4294967278,137
4294967278,25
4294967278,330
4294967278,24
4294967278,365
4294967278,23
4294967278,22
4294967278,21
4294967278,20
4294967278,329
4294967278,19
4294967278,364
4294967278,18
4294967278,17
4294967278,16
4294967278,346
4294967278,15
4294967278,14
4294967278,260
4294967278,264
4294967278,12
4294967278,347
4294967278,10
4294967278,9
4294967278,276
4294967278,7
4294967278,255
4294967278,5
4294967278,4
4294967279,367
4294967279,132
4294967279,130
4294967279,129
4294967279,128
4294967279,364
4294967279,127
4294967279,126
4294967279,125
4294967279,346
4294967279,124
4294967279,123
4294967279,361
4294967279,122
4294967279,121
4294967279,119
4294967279,244
4294967279,118
4294967279,360
4294967279,117
4294967279,116
4294967279,115
4294967279,114
4294967279,113
4294967279,233
4294967279,111
4294967279,227
4294967279,108
4294967279,107
4294967279,223
4294967279,106
4294967279,217
4294967279,103
4294967279,102
4294967279,101
4294967279,330
4294967279,100
4294967279,99
4294967279,98
4294967279,97
4294967279,96
4294967279,95
4294967279,358
4294967279,324
4294967279,93
4294967279,92
4294967279,90
4294967279,87
4294967279,345
4294967279,86
4294967279,357
4294967279,85
4294967279,84
4294967279,83
4294967279,344
4294967279,318
4294967279,81
4294967279,80
4294967279,316
4294967279,79
4294967279,315
4294967279,78
4294967279,356
4294967279,314
4294967279,77
4294967279,313
4294967279,76
4294967279,354
4294967279,71
4294967279,70
4294967279,69
4294967279,343
4294967279,68
4294967279,342
4294967279,67
4294967279,353
4294967279,66
4294967279,63
4294967279,62
4294967279,61
4294967279,60
4294967279,59
4294967279,58
4294967279,57
4294967279,56
4294967279,55
4294967279,54
4294967279,53
4294967279,52
4294967279,51
4294967279,50
4294967279,352
4294967279,46
4294967279,156
4294967279,45
4294967279,43
4294967279,351
4294967279,41
4294967279,341
4294967279,40
4294967279,37
4294967279,350
4294967279,36
4294967279,340
4294967279,35
4294967279,34
4294967279,349
4294967279,31
4294967279,339
4294967279,30
4294967279,137
4294967279,26
4294967279,338
4294967279,25
4294967279,21
4294967279,20
4294967279,266
4294967279,16
4294967279,15
4294967279,347
4294967279,11
4294967279,10
4294967279,5
4294967279,348
4294967279,174
4294967279,260
4294967294,744
4294967294,742
4294967294,741
4294967294,740
4294967294,739
4294967294,737
4294967294,736
4294967294,735
4294967294,734
4294967294,733
4294967294,732
4294967294,731
4294967294,729
4294967294,728
4294967294,727
4294967294,726
4294967294,725
4294967294,724
4294967294,723
4294967294,722
4294967294,721
4294967294,719
4294967294,717
4294967294,716
4294967294,715
4294967294,713
4294967294,712
4294967294,711
4294967294,710
4294967294,709
4294967294,708
4294967294,707
4294967294,706
4294967294,705
4294967294,704
4294967294,703
4294967294,701
4294967294,699
4294967294,698
4294967294,146
4294967294,697
4294967294,696
4294967294,695
4294967294,694
4294967294,693
4294967294,691
4294967294,690
4294967294,689
4294967294,688
4294967294,687
4294967294,686
4294967294,685
4294967294,684
4294967294,683
4294967294,682
4294967294,681
4294967294,680
4294967294,679
4294967294,678
4294967294,738
4294967294,677
4294967294,676
4294967294,675
4294967294,674
4294967294,673
4294967294,672
4294967294,671
4294967294,669
4294967294,668
4294967294,667
4294967294,666
4294967294,665
4294967294,663
4294967294,662
4294967294,661
4294967294,660
4294967294,659
4294967294,658
4294967294,657
4294967294,656
4294967294,655
4294967294,654
4294967294,653
4294967294,652
4294967294,651
4294967294,650
4294967294,649
4294967294,648
4294967294,647
4294967294,646
4294967294,645
4294967294,644
4294967294,643
4294967294,640
4294967294,637
4294967294,636
4294967294,635
4294967294,634
4294967294,633
4294967294,632
4294967294,631
4294967294,630
4294967294,629
4294967294,627
4294967294,626
4294967294,625
4294967294,624
4294967294,623
4294967294,617
4294967294,616
4294967294,615
4294967294,614
4294967294,613
4294967294,612
4294967294,611
4294967294,610
4294967294,609
4294967294,608
4294967294,607
4294967294,606
4294967294,605
4294967294,604
4294967294,603
4294967294,602
4294967294,601
4294967294,600
4294967294,599
4294967294,598
4294967294,597
4294967294,596
4294967294,594
4294967294,591
4294967294,140
4294967294,590
4294967294,589
